IMU1_AccX,IMU1_AccY,IMU1_AccZ,IMU1_GyrX,IMU1_GyrY,IMU1_GyrZ,IMU1_MagX,IMU1_MagY,IMU1_MagZ,IMU2_AccX,IMU2_AccY,IMU2_AccZ,IMU2_GyrX,IMU2_GyrY,IMU2_GyrZ,IMU2_MagX,IMU2_MagY,IMU2_MagZ,IMU3_AccX,IMU3_AccY,IMU3_AccZ,IMU3_GyrX,IMU3_GyrY,IMU3_GyrZ,IMU3_MagX,IMU3_MagY,IMU3_MagZ
-835.9375,60.05859,-542.96875,0.0070612530877186,0.1208406632886305,0.045165455850184,-13.2,28.2,12.3,478.02734,166.01562,907.71484,-0.0851347174513306,0.0279785005740951,-0.2570030484817438,46.5,10.05,97.5,-698.24219,-82.03125,744.62891,0.3393400031421275,-0.0433002224785777,-0.2776539587242659,56.25,21.75,35.4
-828.61328,58.59375,-534.17969,-0.0436999028772844,0.1052526041402936,0.0023980823922402,-12.9,27.9,13.05,467.77344,149.41406,898.92578,-0.0939280352887284,0.0174532925199432,-0.1955835158406617,47.1,9.6,97.65,-713.86719,-69.82422,743.65234,0.3810413294929532,-0.0456983048708179,-0.2539387739140173,56.25,21.75,35.85
-837.89062,61.03516,-525.87891,0.0173201238980161,0.0963261176809686,0.0013323843509724,-12.9,28.95,13.35,472.65625,162.10937,910.15625,-0.0993905667816202,0.0353062654385932,-0.191853049097449,47.1,8.4,97.35,-691.89453,-37.59766,738.28125,0.3928989218980775,-0.1063184767144865,-0.1494855305711371,57.45,21.6,36.0
-836.91406,63.96484,-529.29687,0.0712787230526728,0.1168438593015635,0.0270459711547545,-13.2,27.9,10.65,445.3125,119.62891,915.52734,-0.0671485759107534,-0.0007993607974134,-0.2022450885296737,47.1,8.4,97.35,-723.63281,-89.84375,755.37109,0.3761118215536204,-0.0907304175661496,-0.2010458728006284,56.4,20.85,36.0
-825.68359,62.98828,-549.80469,-0.004529827540626,0.11990813386929,0.0065284040670847,-13.35,27.75,10.8,427.73437,96.19141,909.17969,-0.1124472003828646,-0.0190520141147701,-0.2328881832727885,48.0,10.8,99.3,-708.00781,-24.41406,726.07422,0.4163475949315465,-0.0643506385868813,-0.1958498530845161,56.4,20.85,36.0
-815.91797,73.73047,-547.85156,0.0409019655534123,0.1385604675853534,0.0389035635598788,-13.35,27.75,10.8,435.54687,101.07422,921.38672,-0.0602204914449619,0.0238483534321757,-0.1783965605645728,47.4,8.1,98.4,-697.75391,-19.53125,718.75,0.377044350972961,-0.0751423584178126,-0.2135696573812389,55.5,22.5,34.05
-820.80078,71.28906,-557.61719,0.1084502218628724,0.1191087730718766,0.0496952833908101,-13.95,27.9,12.3,436.03516,86.91406,889.64844,-0.063684446411395,0.0405022851547056,-0.1799954566923248,47.1,9.6,98.1,-702.63672,-71.28906,732.91016,0.3871700531613313,-0.1608100994227023,-0.1092495826602858,55.5,22.5,34.05
-837.40234,75.19531,-571.28906,0.0397029243572922,0.1208406632886305,-0.0626187483701273,-14.55,28.2,13.05,436.52344,86.42578,901.85547,-0.034640073263107,-0.0071944217096458,-0.1821270273077855,47.1,9.6,98.1,-698.24219,-88.37891,725.58594,0.3798422882968331,-0.2113047436109259,-0.1893216235503565,56.55,22.5,35.4
-826.17187,76.66016,-561.03516,0.0538254305327295,0.1060521394706322,0.0512940049856369,-12.6,27.0,10.8,431.15234,65.91797,887.20703,-0.0527595579585365,0.0247810573844414,-0.1818606900639311,47.55,9.0,96.45,-670.41016,-84.96094,731.44531,0.3575926564594842,-0.1834594116587579,-0.1208406632886305,55.8,21.75,37.2
-827.63672,66.40625,-563.96484,0.0790061683158777,0.0891316959713228,0.023448673033469,-13.05,29.25,12.15,403.80859,83.00781,853.51562,-0.1172435397002702,-0.049162259837251,-0.1983812786316086,48.0,8.25,99.3,-696.28906,-66.89453,721.19141,0.3609234428039902,-0.1462879128485583,-0.1362955538150403,56.7,20.1,35.25
-810.05859,58.10547,-548.33984,0.0243813769857347,0.0600873228230347,-0.0519601971611231,-14.55,28.2,10.95,435.54687,96.67969,920.89844,-0.0531592383572432,-0.0759418937481512,-0.2283583557321624,47.4,9.6,97.35,-699.21875,-52.73438,739.74609,0.323485432217011,-0.1696034172601001,-0.1392266597608396,55.2,22.2,35.85
-811.03516,67.38281,-552.24609,0.0041301471419193,0.1157779867273706,-0.0142556747973644,-14.25,28.65,12.3,369.14062,94.23828,948.73047,-0.0795390173365115,-0.1253706653621819,-0.2820506176429648,46.65,9.6,97.65,-686.52344,-69.33594,708.98437,0.3689173998439746,-0.1605435876459228,-0.1644073975439878,55.2,22.2,35.85
-813.96484,54.19922,-541.01562,0.068081105330094,0.057422728654015,0.0339738810876208,-15.15,27.3,12.45,477.53906,107.91016,904.29687,-0.0516936853843436,-0.0900643999235885,-0.29337518649453,48.0,8.55,97.2,-706.05469,-118.65234,740.23437,0.3398728521627613,-0.2260934419618494,-0.1617428033749681,56.1,21.9,35.25
-809.57031,46.38672,-545.41016,0.036238969390859,0.0667488955120467,-0.0229158240128351,-14.25,28.95,10.95,429.6875,91.79688,863.76953,-0.1267028751802291,-0.0101255276554451,-0.2853812294545456,47.25,8.55,99.0,-677.73437,-79.58984,747.55859,0.3285482833111962,-0.2066415729154474,-0.1554809110846628,56.1,21.9,35.25
-799.31641,58.59375,-540.03906,-0.0122572728038309,0.0714118916745999,0.0237151848102485,-14.25,28.95,10.95,445.3125,113.28125,891.60156,-0.1036538825454668,-0.1392266597608396,-0.2836493392377916,47.25,8.55,99.0,-702.63672,-81.54297,732.91016,0.3677181841149293,-0.2491424345966117,-0.17346705262524,55.65,21.9,36.3
-800.78125,43.94531,-556.15234,0.0731439564242791,0.0732771250462063,0.0806048899107045,-13.95,27.9,12.0,413.57422,104.49219,899.41406,-0.1155114749505911,-0.1324319184499005,-0.3037672259267546,47.55,8.55,99.3,-684.57031,-53.71094,749.02344,0.4270061461405507,-0.2010458728006284,-0.2087733180638333,56.1,22.35,36.3
-814.94141,66.40625,-553.71094,0.0511608363637097,0.0980581824306478,0.0021317451483858,-15.9,27.75,12.15,426.75781,143.55469,892.08984,-0.0847350370526239,-0.0812710820861907,-0.2583354328327162,46.35,8.4,97.05,-700.19531,-71.28906,733.88672,0.4954869318693514,-0.3140260967370522,-0.1906538333684037,56.1,21.15,34.5
-812.98828,74.70703,-568.35937,0.0262466103573411,0.0563568560798221,0.0600873228230347,-14.55,28.2,10.95,414.55078,112.79297,859.86328,-0.1195084534705833,-0.1047197551196597,-0.2836493392377916,46.35,9.6,98.1,-677.24609,-48.82813,761.23047,0.4609800272281715,-0.2973721650145223,-0.2137030005360913,56.4,22.65,36.3
-809.08203,73.24219,-547.85156,0.0467641774450108,0.0498284520127373,0.0238483534321757,-14.4,28.8,11.4,425.29297,133.30078,912.59766,-0.0676814249313873,-0.1124472003828646,-0.3177565634802648,46.35,9.6,98.1,-685.54687,-13.18359,749.51172,0.4565835428423977,-0.2947075708455025,-0.1998468316045083,56.55,21.0,35.85
-817.38281,72.75391,-556.64062,-0.0287778613715085,0.0433002224785777,-0.0129234649793172,-14.4,28.8,11.4,434.57031,104.49219,902.83203,-0.1233720888357231,-0.1560137601052967,-0.2612665387785156,46.35,9.6,98.1,-687.01172,-101.5625,765.625,0.5257305207466848,-0.2829831470623054,-0.2145023613335047,56.55,21.45,36.15
-807.12891,70.80078,-542.96875,-0.006128723668378,0.0668820641339739,-0.0401026047559989,-14.85,28.05,12.9,473.63281,59.57031,909.66797,-0.1665389681594485,-0.1937182824690554,-0.2889785275758311,47.1,8.4,97.35,-633.78906,-65.42969,762.20703,0.5161378421118735,-0.2280918439553829,-0.2792526803190927,56.55,21.45,36.15
-812.01172,48.33984,-548.33984,0.0105252080541518,-0.0114579120064175,0.0391699008037331,-14.85,27.3,12.45,490.23437,113.28125,893.06641,-0.1777305429220118,-0.1389601479840601,-0.3154916497099517,46.8,10.05,98.25,-677.73437,-60.05859,767.57812,0.524797816794419,-0.2711255546571811,-0.2623322368197833,54.9,20.55,36.15
-813.47656,43.45703,-539.55078,-0.0126569532025376,0.0215834396618626,0.027312482931534,-14.55,27.9,12.3,485.83984,105.46875,906.25,-0.2311562930560345,-0.118842261295097,-0.3182894125008987,46.8,10.05,98.25,-684.08203,-104.98047,797.85156,0.4981515260383711,-0.3008361199809554,-0.2362189696172945,54.9,20.55,37.35
-839.84375,39.55078,-554.6875,0.0065284040670847,-0.0027979373238721,0.0492956029921034,-13.8,27.75,12.45,474.60937,77.14844,915.03906,-0.2579357524340095,-0.0925956509377559,-0.3542618701149782,48.45,7.65,98.1,-695.80078,-87.40234,801.26953,0.5678315274962172,-0.2015788963541875,-0.1870567097800435,54.9,20.55,37.35
-840.33203,54.6875,-555.66406,0.0734104682010586,-0.040235773377926,0.0644839817417337,-13.8,27.75,12.45,491.21094,88.37891,918.45703,-0.2009127041787012,-0.1853246450303643,-0.2895115511293901,45.9,7.65,98.85,-665.03906,-62.98828,791.99219,0.6080673008741432,-0.2631317721501219,-0.1653399269633284,57.45,19.35,36.0
-830.07812,62.01172,-545.41016,0.0231821612566894,-0.03064326927604,-0.0179861415405771,-14.85,28.05,12.45,489.74609,94.23828,923.33984,-0.2715252350558878,-0.2478100502456393,-0.3650535899459095,46.5,9.0,97.95,-665.52734,-58.59375,789.0625,0.6778804709539163,-0.3669188233175159,-0.1413584049092255,55.5,20.7,36.45
-831.54297,56.15234,-553.71094,0.0225161436141284,-0.0546247913301429,0.0121241041819038,-13.8,27.3,12.9,492.1875,77.63672,916.01562,-0.2274256517798967,-0.1802617939361791,-0.2988377179874219,46.5,9.0,97.95,-640.13672,-48.82813,813.96484,0.6594946490146325,-0.3755787980000613,-0.1189754299170242,56.4,20.85,36.3
-821.77734,45.89844,-557.12891,0.1055191159170731,-0.1320322380511938,0.0281118437289474,-13.5,27.45,12.3,471.19141,53.71094,913.57422,-0.2101057024148057,-0.267661599690748,-0.3781102235471539,47.1,7.35,98.85,-654.78516,-34.66797,795.89844,0.6433735663127365,-0.3590582094323838,-0.1065849884912661,56.25,21.45,37.95
-812.01172,48.33984,-554.6875,0.1149786259299572,-0.0664823837352672,-0.0146553551960711,-14.55,27.45,10.95,505.85937,78.61328,891.11328,-0.2579357524340095,-0.2057090434961068,-0.3846386276142387,47.7,7.65,98.85,-612.79297,69.82422,805.66406,0.6628254353591385,-0.2330213518947157,-0.0952604196397009,56.25,21.45,37.95
-832.51953,38.08594,-536.62109,0.1297671497479555,-0.1103154552344788,0.0285115241276541,-14.55,27.45,10.95,509.27734,50.29297,912.10937,-0.2288912047527963,-0.1877227274226045,-0.3911668571483984,47.7,7.65,98.85,-618.65234,-93.26172,803.22266,0.6862741083926076,-0.1486859952407985,-0.0873996312216436,55.65,22.65,37.65
-833.49609,36.62109,-561.03516,0.1991806394290221,-0.1570796326794896,0.0711455544307456,-14.55,28.2,13.35,492.1875,41.99219,878.90625,-0.2158345711515519,-0.2066415729154474,-0.3922327297225912,46.5,6.75,99.0,-600.09766,-2.92969,816.40625,0.6650903491294515,-0.1164441789028568,-0.0571562168772355,55.65,22.65,37.65
-825.19531,36.13281,-555.66406,0.1580123366317554,-0.1502848913685505,0.0367718184114929,-15.15,26.55,12.45,488.28125,32.22656,891.60156,-0.2039769787464277,-0.1616094602201157,-0.3810413294929532,46.2,8.25,97.95,-605.95703,49.31641,810.05859,0.6316493170624646,-0.0410353087082646,-0.049162259837251,56.4,21.9,36.3
-836.91406,29.29688,-549.31641,0.1990474708070949,-0.1524164619840112,0.0202512298438154,-15.15,27.3,12.15,483.88672,46.38672,887.20703,-0.1558805914833695,-0.1175098769441246,-0.4528530760991851,46.5,7.05,98.55,-623.53516,70.80078,820.3125,0.6309831248869784,0.0178529729186499,-0.0643506385868813,54.6,22.35,37.35
-818.35937,30.76172,-546.875,0.3024350161087074,-0.1871898784019706,0.0087933178373978,-15.15,27.3,12.15,458.98437,74.70703,878.41797,-0.1181760691196108,-0.0615528757959344,-0.4304701011069838,46.5,7.05,98.55,-616.21094,82.03125,829.58984,0.6445727820417818,0.1634746935917221,-0.0233155044115418,55.35,21.6,37.65
-813.47656,26.85547,-542.96875,0.2167672751038177,-0.1665389681594485,-0.0343737360192527,-13.2,28.95,13.05,468.75,115.72266,891.60156,-0.1108484787880378,-0.1127137121596442,-0.4118177673909204,45.75,6.3,98.25,-638.67187,108.88672,800.78125,0.6829433220481016,0.2244947203670226,-0.0771409349442713,55.2,22.95,35.85
-814.94141,25.87891,-546.875,0.3110949907912528,-0.2274256517798967,0.0253139064050753,-13.95,24.9,11.25,472.16797,137.20703,900.39062,-0.0612863640191548,-0.1156446435725182,-0.4343339110050488,47.4,4.95,97.05,-625.48828,113.76953,784.17969,0.611264918596722,0.2491424345966117,-0.0410353087082646,55.65,21.6,36.3
-817.38281,41.01563,-547.85156,0.3506645719936927,-0.2138361691580184,0.0810045703094112,-13.8,27.75,11.85,472.16797,187.01172,872.07031,-0.0343737360192527,-0.104320074720953,-0.3633215251962304,46.35,7.65,98.1,-631.83594,145.01953,777.83203,0.595543690826458,0.2760550625965139,-0.0027979373238721,56.55,20.25,36.45
-829.58984,31.73828,-540.52734,0.3117610084338139,-0.1831928998819784,0.0015987215948268,-12.15,25.65,11.55,455.56641,209.96094,859.86328,-0.0563568560798221,-0.1133797298022052,-0.3197549654737983,46.8,6.75,98.25,-636.23047,140.13672,762.20703,0.5942113064754855,0.2691271526636476,0.0094593354799588,56.55,20.25,36.45
-839.35547,13.67187,-545.89844,0.32401845577057,-0.2190321888741307,-0.0059953805135257,-12.15,25.65,11.55,465.82031,208.98437,836.42578,-0.0405022851547056,-0.0695466583029936,-0.2697933448391338,47.4,7.35,99.15,-617.1875,159.17969,750.97656,0.5979417732186981,0.3146921143796131,-0.0105252080541518,56.1,21.15,36.6
-836.42578,22.94922,-547.85156,0.3531959975407853,-0.3313460461021431,0.0386370517830992,-14.85,25.8,11.4,476.07422,201.17187,861.32812,-0.0490290912153239,-0.086467101802303,-0.2897778883732445,48.15,6.9,98.85,-639.16016,107.91016,707.03125,0.5731607158342565,0.235952457840515,0.0403691165327784,56.1,21.15,36.6
-853.02734,15.625,-548.82812,0.3400061953176138,-0.2748560214003938,-0.031309286918601,-12.45,27.9,10.95,462.40234,203.61328,881.83594,-0.0406354537766327,-0.0692803210591393,-0.2169004437257448,48.15,6.9,98.85,-633.78906,95.70313,744.62891,0.5233322638215193,0.2146355299554318,0.0504946441882235,56.1,22.35,37.05
-847.65625,30.76172,-543.45703,0.3293476441086095,-0.2667288957384822,-0.0243813769857347,-13.8,26.25,11.85,474.60937,191.89453,873.53516,-0.0462311538914518,-0.0393032439585855,-0.1783965605645728,47.25,6.0,99.3,-628.90625,97.16797,738.76953,0.4541852859172324,0.2155680593747724,-0.0051960197161123,56.55,22.95,35.4
-837.89062,19.04297,-520.99609,0.3511975955472518,-0.2907105923255103,-0.0175864611418704,-13.8,26.25,11.85,458.98437,159.66797,872.55859,-0.0122572728038309,-0.0620857248165682,-0.1934517706922759,47.25,6.0,100.8,-658.20312,104.00391,746.09375,0.4246080637483105,0.2831163156842325,-0.0367718184114929,56.1,21.9,35.55
-818.35937,29.29688,-523.4375,0.3873032217832585,-0.3381409619460074,0.0398360929792193,-12.15,24.9,11.25,456.05469,161.13281,870.60547,0.0054625314928918,-0.0812710820861907,-0.1761316467942597,46.5,8.25,99.75,-681.15234,66.40625,722.16797,0.4071547712283672,0.1469541050240445,-0.0357059458372999,56.55,22.5,36.15
-824.70703,34.17969,-520.01953,0.2837825078597188,-0.2528729013398244,-0.0095926786348112,-12.45,24.6,12.0,434.08203,129.39453,871.58203,-0.0090596550812521,-0.0315757986953806,-0.1528161423827179,47.25,6.0,99.0,-679.6875,78.125,729.98047,0.3565267838852912,0.1334976164911682,-0.0270459711547545,56.25,24.0,34.8
-813.96484,48.82813,-527.83203,0.3217533674673318,-0.2442129266572789,0.0065284040670847,-12.3,26.55,12.15,434.57031,136.23047,884.27734,-0.037970859607613,-0.0389035635598788,-0.1693369054833206,46.65,6.9,98.85,-691.89453,54.6875,711.91406,0.3971624121948492,0.1243047927879889,-0.005595700114819,55.35,23.85,35.55
-830.07812,21.48438,-534.17969,0.2881791667784177,-0.2053093630974001,-0.0311761182966739,-12.0,25.5,10.35,427.24609,125.0,880.37109,-0.0135896571548034,0.0033307863445059,-0.1534823345582041,47.1,5.7,98.1,-686.03516,76.17188,707.03125,0.4012925593367686,0.0562235129249697,0.0158545709251164,55.35,23.85,35.55
-854.00391,23.4375,-560.05859,0.2226293124624911,-0.1085833904847996,-0.0299770771005538,-12.0,25.5,10.35,411.62109,127.44141,880.37109,-0.0258469299586344,-0.0322419908708668,-0.1749326055981396,47.1,5.7,98.1,-689.45312,114.74609,718.26172,0.3866370296077722,0.0119907610270514,-0.0460979852695246,55.35,23.85,35.55
-853.51562,15.625,-559.08203,0.239283244185021,-0.1346968322202135,0.0097258472567384,-11.85,24.9,12.3,422.36328,159.17969,908.69141,-0.0141225061754373,-0.0119907610270514,-0.1264363634034496,46.8,6.3,97.95,-703.125,105.46875,712.40234,0.3511975955472518,-0.0021317451483858,-0.0675482563094601,55.8,22.95,34.05
-856.44531,12.69531,-558.59375,0.2106385514354396,-0.0863337586474507,-0.0361056262360067,-13.05,25.05,11.4,430.66406,161.13281,890.625,-0.0029311059457992,-0.0579555776746489,-0.1541485267336904,45.45,6.3,99.3,-720.70312,106.93359,729.98047,0.3113613280351072,-0.0213169278850831,-0.0746095093971788,55.8,25.5,35.1
-862.30469,12.20703,-553.22266,0.1153783063286639,-0.0656830229378538,-0.0739433172216925,-12.3,24.0,12.15,421.875,172.85156,899.90234,-0.0254472495599277,-0.0496952833908101,-0.1063184767144865,47.1,4.95,98.85,-741.21094,116.69922,708.49609,0.2649970055217283,0.0091929982361045,-0.0667488955120467,55.65,23.85,34.95
-851.5625,11.23047,-552.24609,0.1414915735311527,-0.0426340303030914,0.0393032439585855,-12.3,24.0,12.15,412.59766,148.92578,916.01562,-0.0085268060606182,-0.05475795995207,-0.1167105161467112,47.1,4.95,98.85,-735.83984,99.60938,719.72656,0.2416815011101863,0.0147886983509235,-0.0676814249313873,56.25,23.7,35.85
-852.05078,7.8125,-554.6875,0.0802052095119978,-0.022382800459276,0.0816707624848974,-10.95,25.5,11.1,411.62109,147.94922,918.45703,-0.0090596550812521,-0.0038636353651398,-0.1019218177957876,47.1,6.6,98.4,-740.23437,111.32813,730.95703,0.227558994934749,-0.0135896571548034,-0.058088746296576,56.25,22.5,35.85
-872.07031,18.55469,-568.35937,0.0283781809728018,0.0699463387017003,-0.0165205885676775,-12.45,24.9,12.0,441.89453,154.78516,922.85156,0.0213169278850831,-0.0539585991546566,-0.1192419416938038,45.9,3.9,98.1,-737.79297,95.21484,749.51172,0.2133031456044594,-0.0807380585326316,-0.0046631706954784,56.1,22.65,34.2
-855.95703,8.30078,-554.19922,0.0490290912153239,0.0855343978500373,0.0819372742616769,-12.15,23.4,12.3,428.22266,102.53906,898.4375,-0.002264913770313,-0.0576890658978693,-0.1233720888357231,45.9,3.9,98.1,-734.86328,102.05078,731.93359,0.164540566165915,-0.0658161915597809,0.0041301471419193,56.1,22.65,34.2
-850.58594,15.625,-560.54687,-0.0094593354799588,0.0840688448771376,0.0751423584178126,-11.55,25.05,11.4,422.36328,126.46484,897.46094,-0.0050628510941851,-0.0881991665519822,-0.125503833984109,45.9,3.9,98.1,-734.86328,106.44531,750.97656,0.1789295841181318,-0.0587549384720623,0.0039969785199922,56.25,21.75,35.1
-859.86328,12.69531,-551.26953,-0.0795390173365115,0.0798055291132911,-0.0286446927495813,-11.55,25.05,11.4,412.59766,140.625,904.78516,-0.0131899767560967,-0.014522186574144,-0.1249709849634751,45.9,6.15,98.4,-732.91016,127.44141,723.14453,0.1628085014162358,-0.0900643999235885,0.0039969785199922,56.25,21.75,35.1
-847.65625,-4.39453,-554.19922,-0.0243813769857347,0.0743429976203992,0.0351730968166661,-11.55,25.05,11.4,429.19922,136.71875,939.94141,-0.0444992636746978,-0.0242480338308824,-0.1261700261595952,46.5,7.5,99.3,-709.47266,103.02734,733.88672,0.152283293362084,-0.1252373222073295,0.0121241041819038,56.55,23.7,35.4
-842.77344,0.0,-548.33984,-0.0155880591483369,0.0331745202902074,0.0598208110462552,-12.9,25.35,12.0,432.12891,130.85937,900.39062,0.0422343499043847,-0.0490290912153239,-0.1039203943222463,46.65,5.4,99.15,-681.15234,126.46484,738.28125,0.1212403436873373,-0.0937948666668012,0.0359724576140795,55.8,23.7,35.1
-847.65625,6.34766,-558.10547,-0.0759418937481512,0.1101822866125516,0.0287778613715085,-12.6,24.3,11.1,443.84766,148.92578,890.625,0.0053291883380394,0.006128723668378,-0.1488193383956508,46.65,5.4,99.15,-669.43359,136.71875,715.82031,0.1083170532409452,-0.1235054319905755,0.0087933178373978,55.65,24.15,36.3
-853.02734,13.67187,-558.10547,-0.0784731447623186,0.080871401687484,0.0480965617959833,-13.8,24.0,11.4,453.125,156.73828,906.25,-0.0043966589186989,0.0326416712695735,-0.0806048899107045,45.45,6.75,97.95,-657.22656,122.55859,735.35156,0.0904640803222952,-0.1350965126189202,0.0305099261211876,55.35,23.4,35.25
-851.07422,11.71875,-545.41016,-0.045165455850184,0.0143890179522168,0.0908637607210019,-13.8,24.0,11.4,468.75,153.80859,896.48437,0.0130566336012443,0.0321086477160144,-0.0624854052152749,46.2,6.3,99.0,-656.25,129.88281,753.41797,0.0722112524720134,-0.075275701572665,-0.0179861415405771,55.8,22.95,34.35
-846.67969,14.16016,-547.36328,-0.1200413024912172,0.0832694840797242,0.020117886688963,-13.95,25.65,11.55,463.86719,165.52734,868.65234,0.0014655529728996,0.0118575924051242,-0.0318423104721601,46.65,4.65,98.4,-649.90234,140.625,734.375,0.0732771250462063,-0.0774072721881257,0.0327748398915007,56.4,24.15,35.25
-839.84375,20.99609,-535.64453,-0.0430337107017981,0.0892648645932499,0.1120475199841579,-13.2,25.35,12.0,458.49609,183.10547,871.09375,0.0099923590335179,-0.0002665117767795,0.0158545709251164,46.65,6.6,99.15,-633.78906,134.76562,736.81641,0.0058622118915985,-0.0277121633302407,0.0074609334864253,56.4,24.15,35.25
-828.125,19.53125,-541.50391,-0.0121241041819038,0.0426340303030914,0.0287778613715085,-13.5,24.9,11.55,471.67969,166.50391,884.76562,0.027312482931534,0.0319754790940873,-0.0098591904115907,46.65,6.6,99.9,-637.20703,128.90625,729.49219,0.0046631706954784,0.0063950609122324,-0.0026645941690197,56.55,23.25,34.8
-825.19531,31.73828,-523.92578,-0.0624854052152749,0.0755420388165193,-0.0137228257767306,-12.45,25.65,11.25,463.37891,159.17969,872.07031,-0.0081271256619115,0.0190520141147701,0.0035972981212855,47.25,6.0,99.75,-645.50781,135.74219,743.65234,-0.0126569532025376,-0.0057288687367461,0.0075941021083525,55.8,22.95,35.1
-821.28906,38.57422,-537.59766,0.0393032439585855,0.0452986244721112,0.0314426300734534,-12.45,25.65,11.25,458.00781,159.66797,876.95312,0.0035972981212855,0.0069280844657914,0.0082602942838387,47.25,6.0,99.75,-650.87891,120.11719,738.28125,-0.0161209081689708,-0.0189188454928429,-0.0678147680862396,55.5,24.75,35.4
-808.10547,32.22656,-541.99219,-0.0077274452632048,0.0439662401211387,0.0556906639043358,-12.6,25.05,12.15,461.91406,161.62109,874.51172,0.0093261668580317,0.049162259837251,0.0510274932088574,45.9,7.35,97.65,-662.10937,109.375,748.04687,0.0026645941690197,0.0058622118915985,-0.0186523337160634,55.5,22.95,33.75
-826.66016,29.29688,-553.22266,-0.029044373148288,0.0612863640191548,-0.0049295079393327,-12.0,23.7,11.1,458.49609,153.80859,894.53125,-0.0117244237831971,0.0311761182966739,0.0838025076332833,45.9,5.7,98.1,-666.50391,136.71875,751.46484,-0.0887320155726161,0.004529827540626,-0.0210505906412288,56.55,22.2,34.35
-827.14844,49.31641,-542.96875,-0.0047963393174056,0.0025314255470925,0.0476967068643514,-12.6,25.8,10.8,447.75391,150.39062,887.69531,-0.002264913770313,0.0407687969314851,0.0967257980796753,47.7,4.95,98.4,-672.36328,141.60156,761.71875,-0.1187090926731699,-0.027312482931534,-0.0325085026476463,54.0,23.7,35.1
-822.26562,49.80469,-556.15234,-0.0286446927495813,0.0383705400063197,0.0153215473715574,-12.6,25.8,10.8,439.94141,137.20703,893.55469,-0.0235820161883213,0.0275788201753884,0.0584886012282079,46.5,6.75,99.3,-665.52734,125.97656,769.04297,-0.1666723113143009,0.0255804181818548,-0.0716784034513795,54.0,23.7,35.1
-843.75,27.34375,-552.73437,-0.067015232755901,0.0506278128101507,-0.0650168307623675,-13.35,26.25,12.15,459.96094,168.94531,894.04297,-0.0315757986953806,0.0103920394322246,0.1192419416938038,48.0,5.55,99.3,-679.6875,164.55078,773.92578,-0.1697365858820273,-0.0229158240128351,-0.0628850856139816,54.0,23.7,35.1
-826.17187,22.94922,-557.12891,0.0001331686219271,0.022382800459276,-0.0885988469506889,-12.3,24.75,11.1,470.21484,160.64453,906.25,-0.0194516945134768,-0.0081271256619115,0.1024548413493467,44.7,4.8,99.3,-660.64453,187.5,719.72656,-0.0973919902551615,0.0564900247017492,-0.0734104682010586,54.45,23.25,34.05
-808.10547,22.46094,-568.84766,-0.0222496318373489,0.0089264864593249,-0.0660827033365605,-12.3,25.05,11.4,458.98437,167.48047,903.80859,-0.036238969390859,0.0217166082837898,0.1336309596460206,44.7,4.8,99.3,-693.84766,173.82812,706.54297,-0.196249708016148,0.2178331476780106,0.0098591904115907,54.45,23.25,34.05
-816.89453,7.8125,-578.61328,-0.049162259837251,0.0608866836204481,-0.0622190679714206,-12.9,26.1,11.25,434.57031,193.84766,889.64844,0.0081271256619115,0.0097258472567384,0.2298239087050621,47.1,5.7,99.9,-664.55078,204.10156,701.17187,-0.2578024092791572,0.0383705400063197,0.037970859607613,57.45,22.35,34.2
-851.5625,19.04297,-581.54297,-0.0189188454928429,0.0358392889921523,-0.0700796818565527,-12.9,26.1,11.25,442.87109,199.21875,874.51172,-0.0411684773301918,0.041301645952119,0.209706022016099,46.65,6.6,100.2,-644.04297,174.80469,763.67187,-0.4011592161819162,0.1362955538150403,0.0568897051004559,55.8,22.95,34.8
-878.90625,14.16016,-604.49219,0.034640073263107,-0.0648836621404404,-0.0532925815120956,-13.5,26.7,10.2,461.42578,177.24609,894.04297,-0.0101255276554451,0.036238969390859,0.2384838833876076,46.2,4.05,100.05,-665.03906,147.46094,787.10937,-0.4460581602553208,0.0993905667816202,0.0476967068643514,56.25,22.5,34.8
-895.01953,10.25391,-595.21484,-0.011191400229638,-0.0474303696204971,-0.0634181091675407,-13.2,24.15,12.0,449.21875,148.4375,895.99609,0.0054625314928918,0.0983246942074273,0.2372848421914875,46.2,4.05,100.05,-677.73437,119.62891,764.16016,-0.4162144263096193,0.0913966097416358,0.041834669505678,55.65,23.85,36.0
-866.21094,22.46094,-594.23828,-0.0235820161883213,-0.1115144964305989,-0.0523598775598298,-14.1,24.75,11.85,472.65625,126.46484,889.64844,0.027312482931534,0.0654165111610742,0.2582020896778639,46.2,6.3,99.75,-685.54687,100.58594,783.20312,-0.4028912809315954,0.0147886983509235,0.1036538825454668,57.0,23.25,34.8
-846.19141,10.25391,-546.875,0.0303767574992605,-0.152283293362084,-0.0563568560798221,-14.1,24.75,11.85,475.09766,114.74609,906.73828,0.0722112524720134,0.0210505906412288,0.1766646703478188,47.55,6.3,99.75,-690.42969,74.21875,757.32422,-0.4122174477896271,0.0391699008037331,0.0357059458372999,55.8,23.25,34.35
-834.96094,2.92969,-541.50391,0.0242480338308824,-0.1759984781723326,-0.0317089673173077,-12.6,24.3,11.4,461.91406,105.95703,902.83203,0.0568897051004559,0.0450321126953316,0.2098391906380262,47.55,6.3,99.75,-699.21875,47.36328,752.44141,-0.4436600778630806,-0.0510274932088574,0.1028545217480534,55.8,23.25,34.35
-852.53906,7.32422,-542.96875,-0.0431668793237253,-0.1746660938213601,-0.0802052095119978,-12.6,24.3,11.85,467.77344,110.83984,893.55469,0.0794058487145844,0.025713586803782,0.200246512003215,46.8,4.8,98.55,-678.22266,44.43359,782.22656,-0.4691071528900831,-0.0704793622552594,0.0684807857288007,56.25,22.2,36.45
-850.09766,19.04297,-536.13281,-0.0615528757959344,-0.2057090434961068,-0.0118575924051242,-13.05,24.75,11.85,486.32812,104.98047,888.67187,0.0876661429984231,0.0079939570399844,0.2069080846922269,46.65,4.65,99.45,-669.43359,32.22656,801.75781,-0.4292710599108637,0.0039969785199922,0.0899310567687362,55.35,21.6,34.95
-827.14844,27.83203,-502.92969,-0.1117810082073784,-0.1794624331387657,-0.029044373148288,-12.15,24.6,10.95,485.35156,108.39844,927.24609,0.0536922619108023,0.0341072242424731,0.192918921671642,46.5,5.55,99.3,-678.71094,34.66797,774.41406,-0.3754456293781342,0.0674150876875329,0.1032542021467601,57.0,22.5,35.1
-806.15234,13.67187,-491.69922,-0.1064518198693389,-0.2022450885296737,-0.0652833425391471,-12.15,24.6,10.95,480.95703,117.67578,929.19922,0.0325085026476463,-0.0077274452632048,0.1566799522807829,46.5,5.55,99.3,-670.89844,25.39063,799.31641,-0.3060321396970677,0.051827028539196,0.0369049870334201,56.25,22.95,36.15
-792.48047,8.30078,-494.62891,-0.1044532433428802,-0.1265697065583019,-0.0405022851547056,-12.0,25.05,11.4,475.09766,104.49219,925.29297,0.0658161915597809,0.0014655529728996,0.1787964154962047,46.65,8.1,99.45,-672.36328,36.13281,770.50781,-0.2574027288804505,0.1468207618691921,0.0490290912153239,54.45,21.75,35.4
-830.56641,-9.27734,-493.16406,-0.1173767083221974,-0.089797888146809,-0.0862005900255235,-12.0,23.7,10.35,468.75,103.02734,919.92187,0.036238969390859,0.0046631706954784,0.1965160452600023,46.65,4.95,98.1,-656.25,74.70703,776.36719,-0.2299570773269893,0.1894547921722836,0.086467101802303,56.25,21.75,35.4
-842.77344,-12.20703,-506.34766,-0.1416247421530798,-0.0281118437289474,-0.1312327027208552,-12.9,23.85,12.6,450.68359,96.19141,906.25,0.0814042507081179,0.0177198042967228,0.287779486379711,46.35,5.4,98.85,-667.48047,50.78125,753.90625,-0.20917299846254,0.172401180051047,0.0985910314512816,56.25,21.75,35.4
-882.8125,-12.69531,-511.23047,-0.1100489434576992,0.0039969785199922,-0.023448673033469,-12.9,23.85,12.6,456.54297,100.58594,889.16016,0.0885988469506889,0.0436999028772844,0.2316891420766684,46.65,5.7,99.45,-644.53125,107.91016,765.625,-0.198514621786461,0.1253706653621819,0.1333644478692411,55.35,22.35,33.45
-897.94922,-10.25391,-496.58203,-0.1586783542743164,-0.0258469299586344,-0.0278453319521679,-12.6,24.75,12.45,470.21484,102.53906,865.72266,0.1075176924435318,0.0194516945134768,0.217033612347672,46.35,6.15,99.45,-649.90234,110.83984,767.57812,-0.2687274722649409,0.1408253813556664,0.1480199775982374,55.35,22.35,33.45
-879.39453,3.90625,-496.09375,-0.0628850856139816,-0.0407687969314851,-0.052493046181757,-11.55,24.3,11.85,480.95703,123.04688,889.16016,0.0632847660126884,0.0450321126953316,0.1843921156110237,47.55,5.55,98.25,-639.64844,89.35547,734.86328,-0.3468009366285529,0.1905206647464766,0.1901209843477699,55.2,22.95,35.85
-857.42187,11.23047,-479.49219,-0.0830031468358699,-0.0474303696204971,0.027312482931534,-11.85,24.9,12.3,471.19141,122.07031,869.62891,0.1104486238564059,0.0582220894514284,0.243147054083086,47.55,5.55,98.25,-671.875,110.35156,758.78906,-0.3972955808167764,0.1553475679298105,0.1950504922871027,55.5,23.7,34.8
-867.1875,22.94922,-494.14062,-0.1401591891801802,0.06634921511334,-0.0037304667432126,-12.45,24.6,11.25,473.63281,132.32422,890.625,0.1549478875311037,0.0087933178373978,0.1540153581117632,47.55,5.55,98.25,-627.92969,99.60938,760.74219,-0.4409954836940608,0.1338974714228001,0.128834620328615,55.5,22.5,36.15
-872.55859,20.01953,-489.25781,-0.0755420388165193,0.0355727772153728,0.0029311059457992,-12.45,24.6,11.25,479.98047,126.46484,879.39453,0.1672051603349347,0.0526263893366094,0.2406156285359934,46.65,6.15,98.85,-646.97266,67.87109,734.86328,-0.5243981363957123,0.0943277156874351,0.1657396073620351,55.35,23.1,35.25
-862.79297,24.90234,-487.30469,-0.1156446435725182,0.0566231933236764,0.0191853572696224,-12.6,24.6,11.25,487.30469,158.69141,859.86328,0.1474869540446784,0.0386370517830992,0.2412818207114797,45.0,8.25,99.0,-690.42969,89.84375,768.55469,-0.4881593415377784,0.0476967068643514,0.2046431709219139,55.35,23.1,35.25
-839.84375,14.16016,-498.04687,-0.1442895108550248,0.0795390173365115,0.0221164632154217,-12.6,25.05,11.85,484.86328,138.18359,867.67578,0.1470872736459717,0.0337075438437664,0.2123706161851188,47.55,8.25,99.0,-673.82812,103.02734,773.92578,-0.4894915513558256,0.0047963393174056,0.2347534166443949,55.8,22.2,35.4
-865.23437,20.99609,-493.65234,-0.1131133925583509,0.1089830708835063,0.0342403928644003,-13.5,25.65,12.0,486.81641,120.60547,869.14062,0.1386936362072806,0.0355727772153728,0.2807182332919923,46.35,6.6,98.1,-636.71875,33.20313,746.58203,-0.4648438371262365,0.0472970264656447,0.2390169069411666,56.7,22.65,34.5
-844.72656,17.57813,-501.95312,-0.0976585020319411,0.0854012292281101,0.0512940049856369,-13.8,25.8,12.15,476.07422,121.09375,874.51172,0.1697365858820273,0.0575558972759422,0.2145023613335047,45.15,6.15,99.45,-644.53125,61.03516,741.21094,-0.511474671416395,0.1306998537002213,0.1765313271929664,56.7,22.65,34.5
-852.53906,12.20703,-498.53516,-0.1381607871866467,0.1368284028356742,0.0195850376683291,-13.8,25.8,12.15,479.98047,137.20703,875.0,0.1959831962393684,0.0299770771005538,0.2483430737991983,46.2,5.55,98.25,-638.18359,42.96875,773.4375,-0.482430298268107,0.1048529237415869,0.2264931223605561,56.55,22.95,35.4
-844.72656,27.83203,-519.53125,-0.069680001457846,0.054091942309509,0.0377045223637587,-12.45,27.15,10.95,462.89062,122.07031,869.14062,0.1950504922871027,0.0588882816269146,0.2542052856907969,46.2,5.55,98.25,-683.10547,56.15234,780.76172,-0.3936982826954909,0.1637412053685016,0.218099484921865,55.5,22.5,35.85
-835.9375,19.04297,-522.94922,-0.0985910314512816,0.0896645449919567,0.0334410320669869,-12.3,25.05,10.8,468.75,143.06641,874.02344,0.1910535137671104,0.0452986244721112,0.2332878636714952,45.15,7.35,98.4,-687.5,29.29688,751.46484,-0.3587916976556043,0.123238920213796,0.1870567097800435,56.1,23.85,33.9
-823.24219,34.17969,-518.06641,-0.1207074946667034,0.1279019163763492,0.0197182062902563,-13.05,25.05,12.15,473.63281,138.67187,893.55469,0.1869233666251911,0.0351730968166661,0.3114946711899595,46.65,7.35,98.1,-679.6875,32.22656,744.62891,-0.32401845577057,0.1177763887209041,0.2230291673941229,56.25,22.5,36.15
-820.3125,41.50391,-532.22656,-0.1080505414641657,0.0840688448771376,0.0739433172216925,-12.15,26.1,13.05,448.24219,141.11328,904.78516,0.1898544725709904,0.0117244237831971,0.2780536391229726,45.6,8.1,98.85,-687.01172,28.80859,758.30078,-0.3854379884116521,0.1436233186795386,0.1927855785167896,57.15,23.1,34.95
-819.82422,34.17969,-530.27344,-0.0943277156874351,0.110981647409965,0.0539585991546566,-12.15,26.1,13.05,467.28516,155.76172,916.01562,0.2065084042935202,0.023981696587028,0.2975053336364494,45.6,8.1,98.85,-694.82422,58.10547,732.42187,-0.3633215251962304,0.1688040564626867,0.1461547442266311,54.6,22.65,36.3
-806.64062,35.64453,-552.24609,-0.1552143993078833,0.1204409828899239,0.0194516945134768,-12.0,27.0,12.9,449.70703,132.8125,890.625,0.2015788963541875,-0.0195850376683291,0.2999035905616148,46.5,7.05,98.25,-682.61719,70.3125,731.44531,-0.450055138775313,0.162275652395602,0.1228392398150893,54.6,22.65,36.3
-815.42969,21.48438,-560.05859,-0.1196416220925105,0.0660827033365605,0.0322419908708668,-12.45,24.6,12.3,459.47266,140.13672,914.55078,0.1805283057129587,-0.0281118437289474,0.3216201988454046,46.5,9.0,96.9,-706.05469,67.38281,780.76172,-0.5221332226253992,0.1172435397002702,0.1550812306859561,54.6,23.85,34.95
-827.14844,17.57813,-568.84766,-0.0976585020319411,0.0586217698501351,0.0511608363637097,-12.9,27.15,13.05,448.73047,144.04297,892.57812,0.1998468316045083,-0.0375711792089063,0.3277489225137827,46.5,9.0,96.9,-684.57031,18.06641,748.53516,-0.5004164398086842,0.064750318985588,0.1893216235503565,54.6,23.85,34.95
-847.16797,18.55469,-564.94141,-0.1550812306859561,0.0568897051004559,-0.0122572728038309,-12.9,27.15,13.05,457.51953,94.72656,929.19922,0.171202138854927,-0.0584886012282079,0.363055187952376,46.5,8.55,99.3,-671.875,62.98828,758.30078,-0.5553077429156067,0.1488193383956508,0.1706692898342931,56.1,23.1,34.5
-861.81641,19.53125,-572.75391,-0.1693369054833206,-0.0097258472567384,-0.0286446927495813,-12.45,27.15,11.55,477.05078,144.53125,909.17969,0.2082404690431994,-0.0548913031069224,0.3370750893718144,46.2,7.8,97.5,-695.80078,57.12891,757.32422,-0.5410520681182421,0.1003230962009608,0.1502848913685505,56.1,23.4,35.25
-848.63281,30.76172,-569.82422,-0.0937948666668012,-0.095393588261628,0.0536922619108023,-12.15,27.45,11.55,482.42187,129.39453,921.875,0.2328881832727885,-0.0230489926347623,0.3180229007241191,46.5,8.25,98.55,-669.92187,47.85156,771.97266,-0.5704961216652369,0.1003230962009608,0.1465544246253378,54.3,24.6,34.2
-843.26172,38.57422,-554.19922,-0.1597442268485094,-0.0776737839649052,-0.0434333911005048,-12.0,25.8,12.9,485.35156,146.97266,891.11328,0.2724579390081536,0.029044373148288,0.3265497067847375,46.5,8.25,98.55,-681.15234,59.57031,747.55859,-0.5800888003000482,0.1722680114291199,0.1364287224369675,56.4,22.35,34.95
-838.86719,52.24609,-542.48047,-0.1806614743348858,-0.1370949146124538,-0.0258469299586344,-12.15,27.15,12.0,486.81641,146.97266,907.71484,0.3064318200957744,-0.0005328490206338,0.3200214772505779,48.15,9.6,97.35,-670.89844,36.13281,715.33203,-0.5970092437993576,0.1778637115439389,0.1324319184499005,55.35,23.1,35.55
-839.35547,45.89844,-540.52734,-0.1384272989634262,-0.1765313271929664,0.023981696587028,-12.15,27.15,12.0,459.47266,103.51563,899.41406,0.2416815011101863,0.0074609334864253,0.3244181361692768,45.9,8.1,99.9,-678.22266,40.52734,743.65234,-0.528661626692484,0.191853049097449,0.1685375446859072,56.1,21.9,35.55
-828.125,76.66016,-520.99609,-0.208107125888347,-0.1923858981180829,-0.015055210127703,-12.6,26.55,10.8,482.91016,173.33984,871.58203,0.2745895096236143,-0.0013323843509724,0.3503982347498383,46.2,7.05,97.5,-668.94531,31.73828,731.93359,-0.5358560484021299,0.2046431709219139,0.1576124817001235,56.1,21.9,35.55
-816.40625,50.78125,-520.99609,-0.2492756032185389,-0.1498852109698438,-0.0185191650941362,-14.1,26.25,11.85,487.79297,178.71094,842.77344,0.3233522635950838,0.0262466103573411,0.3332112794737494,45.9,9.15,98.4,-652.83203,22.46094,743.65234,-0.5150719695376805,0.2869801255822976,0.1630750131930153,56.4,23.4,34.95
-829.10156,50.29297,-511.71875,-0.1979815982329019,-0.2063752356715931,0.0331745202902074,-13.05,27.0,13.5,478.02734,181.64062,847.65625,0.2602006662043226,0.0182526533173567,0.3470674484053324,45.45,7.8,97.95,-659.17969,-2.44141,729.98047,-0.5060123144564285,0.2311562930560345,0.1360290420382608,55.8,23.25,34.8
-830.07812,44.43359,-527.83203,-0.282183786264892,-0.1753322859968463,0.074209828998472,-13.05,27.0,13.5,485.35156,173.82812,829.58984,0.3750459489794275,0.0515605167624164,0.3481333209795254,45.6,9.15,99.15,-652.83203,108.39844,722.16797,-0.5390536661247086,0.228624867508942,0.1401591891801802,56.4,22.65,35.25
-863.28125,26.36719,-520.99609,-0.2916431217448508,-0.2149020417322114,0.0161209081689708,-12.3,27.0,11.4,474.12109,186.03516,869.14062,0.2651301741436554,0.0624854052152749,0.3478668092027458,45.6,9.15,99.15,-680.66406,9.76562,727.53906,-0.5122740322138085,0.2279586753334558,0.1256370026060362,55.35,24.9,33.9
-876.95312,26.36719,-517.57812,-0.2567365367049642,-0.2590014504752773,0.0694134896810664,-10.95,28.05,13.2,474.12109,155.27344,865.72266,0.3252174969666902,0.089797888146809,0.3971624121948492,45.75,7.5,97.2,-709.96094,50.29297,729.49219,-0.6002066869890113,0.2482097306443459,0.1354961930176269,56.25,23.25,34.35
-886.23047,8.78906,-513.18359,-0.2555374955088442,-0.2430137109282336,0.0414349891069713,-12.9,28.2,12.0,477.05078,163.57422,887.20703,0.2339540558469814,0.1032542021467601,0.4405956287624289,44.7,10.05,98.25,-708.98437,-50.78125,738.28125,-0.6534992685011067,0.1869233666251911,0.0912634411197086,56.4,21.6,35.25
-861.32812,6.83594,-494.62891,-0.2372848421914875,-0.1893216235503565,0.0105252080541518,-12.9,26.1,13.05,459.96094,213.37891,811.03516,0.3220198792441113,0.6156615775154209,0.4010260475599891,45.45,9.3,99.0,-720.21484,14.16016,740.72266,-0.6364456563798702,0.2466110090495192,0.1137794102009119,56.4,21.6,35.25
-850.09766,14.64844,-478.02734,-0.217033612347672,-0.2406156285359934,0.0917962901403425,-12.9,26.1,13.05,421.38672,164.55078,844.23828,0.1789295841181318,0.3582588486349705,0.482430298268107,45.45,9.3,99.0,-716.30859,-2.92969,707.51953,-0.6961332988041983,0.2985712062106423,0.110981647409965,56.4,21.6,35.25
-837.40234,26.36719,-467.77344,-0.2462113286508125,-0.2115712553877054,0.0722112524720134,-10.95,28.05,12.45,477.05078,125.48828,904.29687,0.2693934899075019,0.0604870032217414,0.4765680863765085,45.9,9.9,99.9,-734.86328,20.50781,711.91406,-0.7718085062426449,0.2931086747177505,0.0945942274642146,56.1,23.4,34.95
-860.83984,65.42969,-471.19141,-0.2648636623668758,-0.1472204422678988,0.071944915228159,-12.15,27.45,13.35,479.98047,166.01562,908.20312,0.3094960946635008,0.1281684281531288,0.4846952120384201,45.0,9.75,99.0,-718.75,-21.97266,713.86719,-0.7182495874866949,0.2312894616779617,0.0542251109314362,56.1,23.4,34.95
-837.40234,82.51953,-452.14844,-0.2260934419618494,-0.1669388230910804,0.0843353566539172,-10.35,27.15,12.0,425.29297,130.37109,867.67578,0.2895115511293901,0.3084302220893079,0.4472572014514409,45.0,9.75,99.0,-718.26172,-3.41797,709.47266,-0.7269095621692404,0.2563368563062576,0.0706125308771865,56.7,21.15,35.55
-833.98437,96.67969,-481.93359,-0.3791760961213469,-0.0847350370526239,0.041834669505678,-10.35,27.15,12.0,460.9375,187.01172,846.67969,0.2546049660895036,0.0335742006889141,0.4729709627881482,45.15,11.1,99.0,-695.3125,-14.16016,729.49219,-0.7131867363925096,0.330680028459582,0.0778071271197576,54.75,23.25,36.45
-830.56641,104.98047,-490.23437,-0.3983614533909693,-0.0153215473715574,0.0712787230526728,-10.95,26.25,13.5,441.40625,162.59766,877.92969,0.2677947683126752,-0.0799386977352182,0.4748361961597545,45.45,11.1,98.1,-715.82031,-2.92969,713.86719,-0.8049832010657775,0.352529805365299,0.0375711792089063,54.3,22.65,35.25
-862.79297,116.69922,-503.41797,-0.3761118215536204,-0.0444992636746978,0.0655498543159266,-11.55,28.5,12.15,437.5,171.38672,861.81641,0.2975053336364494,-0.1505512286124048,0.4809647452952074,45.45,10.5,97.95,-739.74609,-88.86719,708.00781,-0.7735405709923241,0.2964394610622565,-0.0089264864593249,56.25,22.5,34.8
-876.46484,87.89063,-514.16016,-0.4636447959301164,0.0042633157638465,0.0895313763700295,-10.5,28.05,12.9,452.63672,168.45703,837.40234,0.2570030484817438,-0.1360290420382608,0.4996170790112708,45.15,10.35,98.1,-731.93359,-84.96094,713.86719,-0.756753470647867,0.2400826049824344,0.0089264864593249,57.0,22.2,34.35
-876.46484,102.53906,-511.71875,-0.4680412803158902,0.0603538345998143,0.0325085026476463,-10.5,29.25,13.95,444.82422,160.15625,842.28516,0.2912434413461441,-0.0254472495599277,0.4808315766732802,45.15,10.35,98.1,-742.1875,-66.89453,700.68359,-0.7684777198981388,0.2075742768677131,0.0463644970463041,57.0,22.2,34.05
-877.44141,90.82031,-527.83203,-0.4459249916333936,0.0262466103573411,0.075275701572665,-10.5,29.25,13.95,477.05078,155.27344,870.60547,0.2571362171036709,0.1149786259299572,0.5060123144564285,45.0,11.25,98.25,-719.72656,-122.55859,691.89453,-0.6959999556493459,0.1998468316045083,0.061419532641082,57.0,22.2,34.05
-885.74219,81.05469,-527.34375,-0.5157381617131668,0.0205175670876697,-0.0013323843509724,-10.5,29.25,13.95,410.64453,134.27734,873.53516,0.1502848913685505,0.2348867597992472,0.5198683088550862,43.95,10.8,98.55,-736.81641,-140.625,680.66406,-0.6580290960417329,0.198514621786461,0.0019984019935335,56.4,23.1,34.95
-867.67578,83.49609,-534.17969,-0.5120076949699541,0.0583552580733556,0.0298437339457014,-12.3,29.25,15.0,440.42969,110.83984,896.48437,0.1641408857672083,0.0900643999235885,0.491889808280991,43.95,10.8,98.55,-739.74609,-141.11328,677.73437,-0.6203245736779742,0.1358958734163337,0.0812710820861907,57.45,22.35,34.5
-889.64844,75.68359,-556.64062,-0.4353997835792418,-0.0166539317225298,0.0644839817417337,-10.35,30.15,11.55,467.77344,104.98047,878.41797,0.0835359958565038,0.1528161423827179,0.4857610846126129,45.6,11.1,98.4,-714.84375,-159.66797,698.24219,-0.6263201287244251,0.1564134405040034,0.0274456515534612,55.65,21.6,34.2
-874.51172,90.82031,-573.73047,-0.447790225005,0.0170536121212365,0.0735436368229858,-12.3,29.55,12.9,448.73047,100.09766,882.8125,0.0728774446474996,0.128834620328615,0.4978851887945168,45.6,11.4,97.35,-725.58594,-135.25391,697.75391,-0.5835529297994064,0.1677381838884938,0.0760750623700784,57.45,20.85,34.5
-914.55078,104.00391,-592.77344,-0.4071547712283672,-0.0354394340605204,0.1015221373970809,-12.3,29.55,12.9,445.80078,86.91406,895.50781,0.0911300979648563,0.0917962901403425,0.4603140095856105,45.15,12.9,98.4,-723.63281,-179.6875,708.00781,-0.4958866122680581,0.1133797298022052,0.0546247913301429,55.5,22.2,35.1
-924.80469,120.11719,-607.91016,-0.3915665375471051,-0.0887320155726161,0.1532159973143498,-12.15,29.7,12.3,458.98437,85.9375,902.83203,0.0924624823158288,0.0478300500192038,0.3897014787084239,45.15,12.9,98.4,-734.375,-167.96875,685.54687,-0.4536524368965985,0.1636080367465744,0.0559571756811154,55.5,22.5,35.4
-922.36328,124.51172,-604.49219,-0.371981674411701,-0.1681378642872005,0.1997136629825811,-12.0,31.05,13.2,446.77734,40.03906,885.74219,0.0442327518979182,0.0911300979648563,0.4050230260799813,44.1,11.1,97.65,-743.65234,-189.94141,677.73437,-0.4347335914037555,0.1835925802806851,0.0315757986953806,55.5,22.5,35.4
-889.64844,107.42188,-550.78125,-0.3663859742968821,-0.2514073483669248,0.1149786259299572,-10.35,31.65,13.65,452.63672,34.66797,888.67187,0.0270459711547545,0.1061853080925594,0.3200214772505779,45.6,10.65,97.65,-744.62891,-199.21875,684.08203,-0.3479999778246729,0.1373614263892333,0.0135896571548034,55.65,22.35,34.95
-820.80078,125.0,-489.25781,-0.350264891594986,-0.4107518948167274,0.082603291904238,-12.9,28.95,14.1,453.61328,41.50391,914.55078,0.036238969390859,0.1501515482136981,0.2820506176429648,43.35,11.85,98.85,-741.69922,-182.12891,694.82422,-0.2988377179874219,0.1827932194832717,0.0182526533173567,55.65,22.35,34.95
-769.53125,160.15625,-434.57031,-0.3049662671228748,-0.3149586261563927,0.0126569532025376,-12.9,28.95,14.1,444.82422,47.85156,906.25,0.0668820641339739,0.1762649899491121,0.2514073483669248,44.85,12.6,97.05,-754.39453,-183.10547,689.45312,-0.3362757285744011,0.1713353074768541,0.0057288687367461,56.4,21.6,34.95
-725.58594,164.0625,-417.48047,-0.3434701502840469,-0.1833262430368307,-0.0410353087082646,-11.55,31.05,13.95,429.19922,62.01172,901.36719,0.025713586803782,0.1346968322202135,0.2127702965838255,46.2,11.55,99.0,-738.76953,-184.57031,679.6875,-0.278319976366827,0.1693369054833206,0.0211837592631559,55.8,21.75,34.8
-747.07031,185.05859,-442.38281,-0.2592679622520568,-0.1035207139235396,-0.0327748398915007,-11.85,30.15,13.35,415.52734,58.10547,914.55078,0.0727442760255724,0.1008561197545199,0.2288912047527963,45.45,12.0,98.55,-758.78906,-201.17187,679.19922,-0.2368851617927808,0.1244379614099161,-0.0053291883380394,57.15,21.6,34.95
-791.99219,178.22266,-449.70703,-0.2051760199425478,-0.0142556747973644,-0.0466310088230837,-10.2,31.35,12.9,409.17969,51.75781,896.48437,0.045165455850184,0.1249709849634751,0.1562802718820762,45.45,12.0,98.55,-759.76562,-184.57031,683.10547,-0.1949173236651755,0.1177763887209041,-0.0409019655534123,58.35,22.5,34.35
-806.15234,143.55469,-470.70312,-0.2479433934004916,0.0516936853843436,-0.1145789455312505,-10.2,31.35,12.9,417.48047,58.59375,895.01953,0.0716784034513795,0.0880658233971298,0.1224395594163826,44.55,11.4,97.65,-760.25391,-190.91797,694.33594,-0.1618759719968953,0.0963261176809686,-0.0771409349442713,58.35,22.5,34.35
-840.82031,114.74609,-463.86719,-0.1220398790176759,0.0619525561946411,-0.0868667822010097,-10.65,31.95,13.05,426.75781,52.73438,888.67187,0.0456983048708179,0.0921959705390492,0.0804717212887773,44.7,11.55,97.2,-763.67187,-209.96094,712.89062,-0.1468207618691921,0.0370383301882724,-0.0373046674321268,56.25,21.45,35.4
-856.93359,114.74609,-458.98437,-0.0683476171068735,0.093128674491315,-0.0735436368229858,-11.1,31.2,13.35,442.87109,53.22266,884.76562,0.0330413516682802,0.0555574952824086,0.0920628019171221,44.7,11.55,97.5,-770.01953,-222.16797,692.87109,-0.042900542079871,0.0795390173365115,-0.070346019100407,55.65,21.15,34.2
-863.76953,107.42188,-471.19141,-0.0515605167624164,0.200246512003215,-0.0779402957416847,-10.35,31.2,14.4,441.89453,44.92188,911.13281,0.0173201238980161,0.0211837592631559,0.0037304667432126,44.7,11.55,97.5,-785.64453,-225.09766,693.35937,0.0658161915597809,0.0287778613715085,-0.1107151356331855,55.65,21.15,34.2
-847.65625,106.44531,-511.71875,0.032375159492794,0.1825268822394173,-0.0470306892217904,-9.9,32.1,11.85,426.26953,26.85547,897.94922,0.0270459711547545,0.0776737839649052,-0.0041301471419193,45.9,11.4,98.85,-745.11719,-219.72656,674.31641,0.0325085026476463,0.045165455850184,-0.0869999508229369,57.6,20.25,35.1
-865.72266,125.48828,-521.48437,0.0695466583029936,0.261000027001736,-0.0095926786348112,-9.9,32.1,11.85,436.52344,52.24609,885.74219,-0.0105252080541518,0.0452986244721112,-0.0266462907560478,45.15,10.65,98.1,-747.07031,-213.37891,733.39844,0.075275701572665,-0.0263797789792682,-0.1111148160318922,55.5,21.45,35.4
